1	0.08501570631	-0.1444334263	0.001343366922	-0.03196316278	10.19040183
2	0.3770908042	10.17701081	0.01742525472	0.4741579895	-0.211318625
3	0.05613336132	-0.1974222365	10.62588277	0.4938042239	0.0275396858
4	9.22103491	0.1824501818	-0.6434791183	-0.2129211518	-0.6665713908
5	0.2192894743	0.5102981586	0.3356793955	10.1052917	0.007539507597
Cost is :3015.747012341	0.05613336132	-0.1974222365	10.62588277	0.4938042239	0.0275396858
2	0.2192894743	0.5102981586	0.3356793955	10.1052917	0.007539507597
3	0.3770908042	10.17701081	0.01742525472	0.4741579895	-0.211318625
4	9.22103491	0.1824501818	-0.6434791183	-0.2129211518	-0.6665713908
5	0.08501570631	-0.1444334263	0.001343366922	-0.03196316278	10.19040183
Cost is :3015.74701234
1	9.22103491	0.1824501818	-0.6434791183	-0.2129211518	-0.6665713908
2	0.08501570631	-0.1444334263	0.001343366922	-0.03196316278	10.19040183
3	0.05613336132	-0.1974222365	10.62588277	0.4938042239	0.0275396858
4	0.2192894743	0.5102981586	0.3356793955	10.1052917	0.007539507597
5	0.3770908042	10.17701081	0.01742525472	0.4741579895	-0.211318625
Cost is :3015.74701234
1	0.05613336132	-0.1974222365	10.62588277	0.4938042239	0.0275396858
2	0.2192894743	0.5102981586	0.3356793955	10.1052917	0.007539507597
3	0.3770908042	10.17701081	0.01742525472	0.4741579895	-0.211318625
4	9.22103491	0.1824501818	-0.6434791183	-0.2129211518	-0.6665713908
5	0.08501570631	-0.1444334263	0.001343366922	-0.03196316278	10.19040183
Cost is :3015.74701234
1	9.22103491	0.1824501818	-0.6434791183	-0.2129211518	-0.6665713908
2	0.08501570631	-0.1444334263	0.001343366922	-0.03196316278	10.19040183
3	0.2192894743	0.5102981586	0.3356793955	10.1052917	0.007539507597
4	0.05613336132	-0.1974222365	10.62588277	0.4938042239	0.0275396858
5	0.3770908042	10.17701081	0.01742525472	0.4741579895	-0.211318625
Cost is :3015.74701234
1	0.1184335979	1.344874248	-1.242527414	0.4716735944	7.341150423
2	9.22103491	0.1824501818	-0.6434791183	-0.2129211518	-0.6665713908
3	0.08501570631	-0.1444334263	0.001343366922	-0.03196316278	10.19040183
4	0.6643317548	2.685350086	0.4612265794	6.000952462	-0.1516293415
5	0.05613336132	-0.1974222365	10.62588277	0.4938042239	0.0275396858
Cost is :4892.25824975
1	0.08501570631	-0.1444334263	0.001343366922	-0.03196316278	10.19040183
2	0.05613336132	-0.1974222365	10.62588277	0.4938042239	0.0275396858
3	0.3770908042	10.17701081	0.01742525472	0.4741579895	-0.211318625
4	9.22103491	0.1824501818	-0.6434791183	-0.2129211518	-0.6665713908
5	0.2192894743	0.5102981586	0.3356793955	10.1052917	0.007539507597
Cost is :3015.74701234
1	0.08501570631	-0.1444334263	0.001343366922	-0.03196316278	10.19040183
2	0.2192894743	0.5102981586	0.3356793955	10.1052917	0.007539507597
3	0.05613336132	-0.1974222365	10.62588277	0.4938042239	0.0275396858
4	0.3770908042	10.17701081	0.01742525472	0.4741579895	-0.211318625
5	9.22103491	0.1824501818	-0.6434791183	-0.2129211518	-0.6665713908
Cost is :3015.74701234
1	0.08501570631	-0.1444334263	0.001343366922	-0.03196316278	10.19040183
2	0.2192894743	0.5102981586	0.3356793955	10.1052917	0.007539507597
3	0.05613336132	-0.1974222365	10.62588277	0.4938042239	0.0275396858
4	9.22103491	0.1824501818	-0.6434791183	-0.2129211518	-0.6665713908
5	0.3770908042	10.17701081	0.01742525472	0.4741579895	-0.211318625
Cost is :3015.74701234
1	0.1867222871	-0.00523786007	0.9715413694	0.07239076838	9.491159899
2	0.2425135136	-0.5232301513	-0.2473397081	0.5609867557	10.69139583
3	0.4412251439	8.880964085	2.164213113	-0.9218518884	-0.1149154437
4	0.2192894743	0.5102981586	0.3356793955	10.1052917	0.007539507597
5	7.890242536	0.157704287	1.789336964	0.03139001133	0.04147149681
Cost is :4992.19517047
1	0.05613336132	-0.1974222365	10.62588277	0.4938042239	0.0275396858
2	0.2192894743	0.5102981586	0.3356793955	10.1052917	0.007539507597
3	9.22103491	0.1824501818	-0.6434791183	-0.2129211518	-0.6665713908
4	0.3770908042	10.17701081	0.01742525472	0.4741579895	-0.211318625
5	0.08501570631	-0.1444334263	0.001343366922	-0.03196316278	10.19040183
Cost is :3015.74701234
1	0.3770908042	10.17701081	0.01742525472	0.4741579895	-0.211318625
2	9.22103491	0.1824501818	-0.6434791183	-0.2129211518	-0.6665713908
3	0.2192894743	0.5102981586	0.3356793955	10.1052917	0.007539507597
4	0.08501570631	-0.1444334263	0.001343366922	-0.03196316278	10.19040183
5	0.05613336132	-0.1974222365	10.62588277	0.4938042239	0.0275396858
Cost is :3015.74701234
1	0.2192894743	0.5102981586	0.3356793955	10.1052917	0.007539507597
2	0.05613336132	-0.1974222365	10.62588277	0.4938042239	0.0275396858
3	0.08501570631	-0.1444334263	0.001343366922	-0.03196316278	10.19040183
4	9.22103491	0.1824501818	-0.6434791183	-0.2129211518	-0.6665713908
5	0.3770908042	10.17701081	0.01742525472	0.4741579895	-0.211318625
Cost is :3015.74701234
1	0.05613336132	-0.1974222365	10.62588277	0.4938042239	0.0275396858
2	0.3770908042	10.17701081	0.01742525472	0.4741579895	-0.211318625
3	9.22103491	0.1824501818	-0.6434791183	-0.2129211518	-0.6665713908
4	0.2192894743	0.5102981586	0.3356793955	10.1052917	0.007539507597
5	0.08501570631	-0.1444334263	0.001343366922	-0.03196316278	10.19040183
Cost is :3015.74701234
1	9.22103491	0.1824501818	-0.6434791183	-0.2129211518	-0.6665713908
2	0.2192894743	0.5102981586	0.3356793955	10.1052917	0.007539507597
3	0.08501570631	-0.1444334263	0.001343366922	-0.03196316278	10.19040183
4	0.05613336132	-0.1974222365	10.62588277	0.4938042239	0.0275396858
5	0.3770908042	10.17701081	0.01742525472	0.4741579895	-0.211318625
Cost is :3015.74701234
1	0.2192894743	0.5102981586	0.3356793955	10.1052917	0.007539507597
2	-0.3170147074	8.950229935	0.1434864031	0.1639437745	0.3647130466
3	6.908512228	0.4360771282	0.7733787378	-0.2786786095	2.371570239
4	0.05613336132	-0.1974222365	10.62588277	0.4938042239	0.0275396858
5	1.408609281	11.46641974	0.4574743916	-1.317057358	-0.4694895667
Cost is :4869.91295979
