1	9.22103491	0.1824501818	-0.6434791183	-0.2129211518	-0.6665713908
2	0.2192894743	0.5102981586	0.3356793955	10.1052917	0.007539507597
3	-0.4409582269	-0.3631271058	6.782225019	0.005243272474	2.765827378
4	0.3770908042	10.17701081	0.01742525472	0.4741579895	-0.211318625
Cost is :4921.60694314
1	7.304007052	2.715665123	0.272342366	-0.8475510012	-0.7436087533
2	0.08501570631	-0.1444334263	0.001343366922	-0.03196316278	10.19040183
3	0.05613336132	-0.1974222365	10.62588277	0.4938042239	0.0275396858
4	-0.06860649616	2.575479932	0.5085207828	6.502841777	0.5468051993
Cost is :5179.17752751
1	1.246478485	0.210938899	-0.6743788272	-0.7771091953	7.987325843
2	0.9344754411	8.627314572	-0.1952946667	0.2994024564	-0.2392641402
3	2.221907481	-0.8890194526	0.698974164	8.237867445	-0.6145457878
4	0.2359027041	0.205481628	9.830274998	-0.5875372513	0.6229663554
Cost is :5127.4712761
1	9.22103491	0.1824501818	-0.6434791183	-0.2129211518	-0.6665713908
2	1.108091419	1.731489927	-2.229825555	7.260795831	3.887004935
3	0.3770908042	10.17701081	0.01742525472	0.4741579895	-0.211318625
4	0.2359027041	0.205481628	9.830274998	-0.5875372513	0.6229663554
Cost is :5171.64723265
1	-0.4409582269	-0.3631271058	6.782225019	0.005243272474	2.765827378
2	8.852405643	-0.3204407196	0.06591087355	-0.4752903033	0.806160824
3	0.2192894743	0.5102981586	0.3356793955	10.1052917	0.007539507597
4	0.3770908042	10.17701081	0.01742525472	0.4741579895	-0.211318625
Cost is :4941.03543049
1	0.08501570631	-0.1444334263	0.001343366922	-0.03196316278	10.19040183
2	7.304007052	2.715665123	0.272342366	-0.8475510012	-0.7436087533
3	0.2192894743	0.5102981586	0.3356793955	10.1052917	0.007539507597
4	0.05613336132	-0.1974222365	10.62588277	0.4938042239	0.0275396858
Cost is :4889.54714005
1	0.2192894743	0.5102981586	0.3356793955	10.1052917	0.007539507597
2	-0.1645113335	8.209167135	4.594657839	0.3362323379	2.009516461
3	0.08501570631	-0.1444334263	0.001343366922	-0.03196316278	10.19040183
4	9.691770169	-0.3600773357	1.24395102	0.1045858202	-0.2962725995
Cost is :5109.53761408
1	0.3770908042	10.17701081	0.01742525472	0.4741579895	-0.211318625
2	0.08501570631	-0.1444334263	0.001343366922	-0.03196316278	10.19040183
3	0.2359027041	0.205481628	9.830274998	-0.5875372513	0.6229663554
4	2.296479136	0.5780808725	-2.838564251	6.034330069	0.7937508751
Cost is :5125.42980235
1	2.221907481	-0.8890194526	0.698974164	8.237867445	-0.6145457878
2	1.741700284	-0.0962117229	9.156931136	-0.4997915666	0.1690058382
3	3.333069455	8.123478909	-1.080417267	0.03926182941	-0.1950542024
4	0.08501570631	-0.1444334263	0.001343366922	-0.03196316278	10.19040183
Cost is :5205.97490591
1	0.08501570631	-0.1444334263	0.001343366922	-0.03196316278	10.19040183
2	0.05432942351	-0.04263874231	6.96608933	2.579023865	0.378692106
3	0.3770908042	10.17701081	0.01742525472	0.4741579895	-0.211318625
4	9.22103491	0.1824501818	-0.6434791183	-0.2129211518	-0.6665713908
Cost is :4916.45120263
1	0.3770908042	10.17701081	0.01742525472	0.4741579895	-0.211318625
2	7.890242536	0.157704287	1.789336964	0.03139001133	0.04147149681
3	0.2192894743	0.5102981586	0.3356793955	10.1052917	0.007539507597
4	0.4109280983	0.3649965591	4.155583331	-0.1854488074	8.648581211
Cost is :5166.30246712
1	8.994436833	0.8774967856	-0.3848950993	-0.2253521527	0.1386733938
2	-0.5710129081	2.331199613	7.89133304	0.008491748886	1.51729034
3	0.2192894743	0.5102981586	0.3356793955	10.1052917	0.007539507597
4	0.01130953839	2.711383146	0.223509706	0.4070863428	8.837788278
Cost is :5174.61156974
1	2.296479136	0.5780808725	-2.838564251	6.034330069	0.7937508751
2	0.2359027041	0.205481628	9.830274998	-0.5875372513	0.6229663554
3	0.08501570631	-0.1444334263	0.001343366922	-0.03196316278	10.19040183
4	0.3770908042	10.17701081	0.01742525472	0.4741579895	-0.211318625
Cost is :5125.42980235
1	0.2192894743	0.5102981586	0.3356793955	10.1052917	0.007539507597
2	7.304007052	2.715665123	0.272342366	-0.8475510012	-0.7436087533
3	0.05613336132	-0.1974222365	10.62588277	0.4938042239	0.0275396858
4	0.01130953839	2.711383146	0.223509706	0.4070863428	8.837788278
Cost is :5078.75003735
1	0.05432942351	-0.04263874231	6.96608933	2.579023865	0.378692106
2	0.3770908042	10.17701081	0.01742525472	0.4741579895	-0.211318625
3	0.08501570631	-0.1444334263	0.001343366922	-0.03196316278	10.19040183
4	9.22103491	0.1824501818	-0.6434791183	-0.2129211518	-0.6665713908
Cost is :4916.45120263
1	0.05613336132	-0.1974222365	10.62588277	0.4938042239	0.0275396858
2	0.08501570631	-0.1444334263	0.001343366922	-0.03196316278	10.19040183
3	7.304007052	2.715665123	0.272342366	-0.8475510012	-0.7436087533
4	0.2192894743	0.5102981586	0.3356793955	10.1052917	0.007539507597
Cost is :4889.54714005
1	2.296479136	0.5780808725	-2.838564251	6.034330069	0.7937508751
2	0.8287789264	10.03165641	-0.5541978465	-0.2782226717	-0.8337923629
3	-0.4409582269	-0.3631271058	6.782225019	0.005243272474	2.765827378
4	-0.7857384089	8.562711841	-0.6404212715	-0.164489418	2.687271624
Cost is :6955.96668954
1	9.691770169	-0.3600773357	1.24395102	0.1045858202	-0.2962725995
2	0.4109280983	0.3649965591	4.155583331	-0.1854488074	8.648581211
3	0.3770908042	10.17701081	0.01742525472	0.4741579895	-0.211318625
4	-0.05751837697	-0.801690236	1.517218141	8.843707503	-0.6777132987
Cost is :5155.5234568
1	0.3770908042	10.17701081	0.01742525472	0.4741579895	-0.211318625
2	6.908512228	0.4360771282	0.7733787378	-0.2786786095	2.371570239
3	0.2192894743	0.5102981586	0.3356793955	10.1052917	0.007539507597
4	0.05613336132	-0.1974222365	10.62588277	0.4938042239	0.0275396858
Cost is :4911.99569782
1	0.05613336132	-0.1974222365	10.62588277	0.4938042239	0.0275396858
2	0.2192894743	0.5102981586	0.3356793955	10.1052917	0.007539507597
3	3.333069455	8.123478909	-1.080417267	0.03926182941	-0.1950542024
4	1.519765142	-0.5328175184	-0.08022983437	0.3143447631	9.298916029
Cost is :4994.9391661
1	1.519765142	-0.5328175184	-0.08022983437	0.3143447631	9.298916029
2	1.741700284	-0.0962117229	9.156931136	-0.4997915666	0.1690058382
3	3.333069455	8.123478909	-1.080417267	0.03926182941	-0.1950542024
4	0.2192894743	0.5102981586	0.3356793955	10.1052917	0.007539507597
Cost is :5086.08390022
1	0.05432942351	-0.04263874231	6.96608933	2.579023865	0.378692106
2	0.08501570631	-0.1444334263	0.001343366922	-0.03196316278	10.19040183
3	9.22103491	0.1824501818	-0.6434791183	-0.2129211518	-0.6665713908
4	0.3770908042	10.17701081	0.01742525472	0.4741579895	-0.211318625
Cost is :4916.45120263
1	0.05613336132	-0.1974222365	10.62588277	0.4938042239	0.0275396858
2	0.6643317548	2.685350086	0.4612265794	6.000952462	-0.1516293415
3	9.22103491	0.1824501818	-0.6434791183	-0.2129211518	-0.6665713908
4	0.08501570631	-0.1444334263	0.001343366922	-0.03196316278	10.19040183
Cost is :4915.96503995
1	0.3770908042	10.17701081	0.01742525472	0.4741579895	-0.211318625
2	-0.4409582269	-0.3631271058	6.782225019	0.005243272474	2.765827378
3	9.22103491	0.1824501818	-0.6434791183	-0.2129211518	-0.6665713908
4	0.2192894743	0.5102981586	0.3356793955	10.1052917	0.007539507597
Cost is :4921.60694314
1	0.136888631	1.070800647	9.17840037	-0.6973041209	0.6583927337
2	0.01130953839	2.711383146	0.223509706	0.4070863428	8.837788278
3	0.2192894743	0.5102981586	0.3356793955	10.1052917	0.007539507597
4	8.994436833	0.8774967856	-0.3848950993	-0.2253521527	0.1386733938
Cost is :5030.0643596
1	0.9344754411	8.627314572	-0.1952946667	0.2994024564	-0.2392641402
2	0.2192894743	0.5102981586	0.3356793955	10.1052917	0.007539507597
3	1.741700284	-0.0962117229	9.156931136	-0.4997915666	0.1690058382
4	1.246478485	0.210938899	-0.6743788272	-0.7771091953	7.987325843
Cost is :5048.77763777
1	0.3770908042	10.17701081	0.01742525472	0.4741579895	-0.211318625
2	0.152006275	-1.15991031	2.952447139	6.103853508	-1.542541677
3	0.08501570631	-0.1444334263	0.001343366922	-0.03196316278	10.19040183
4	9.22103491	0.1824501818	-0.6434791183	-0.2129211518	-0.6665713908
Cost is :5004.8326456
1	7.304007052	2.715665123	0.272342366	-0.8475510012	-0.7436087533
2	-0.06860649616	2.575479932	0.5085207828	6.502841777	0.5468051993
3	0.08501570631	-0.1444334263	0.001343366922	-0.03196316278	10.19040183
4	0.05613336132	-0.1974222365	10.62588277	0.4938042239	0.0275396858
Cost is :5179.17752751
1	1.519765142	-0.5328175184	-0.08022983437	0.3143447631	9.298916029
2	1.741700284	-0.0962117229	9.156931136	-0.4997915666	0.1690058382
3	3.333069455	8.123478909	-1.080417267	0.03926182941	-0.1950542024
4	0.2192894743	0.5102981586	0.3356793955	10.1052917	0.007539507597
Cost is :5086.08390022
1	-0.7857384089	8.562711841	-0.6404212715	-0.164489418	2.687271624
2	0.2359027041	0.205481628	9.830274998	-0.5875372513	0.6229663554
3	8.852405643	-0.3204407196	0.06591087355	-0.4752903033	0.806160824
4	0.2192894743	0.5102981586	0.3356793955	10.1052917	0.007539507597
Cost is :5012.5488723
1	0.3770908042	10.17701081	0.01742525472	0.4741579895	-0.211318625
2	0.2192894743	0.5102981586	0.3356793955	10.1052917	0.007539507597
3	-0.4409582269	-0.3631271058	6.782225019	0.005243272474	2.765827378
4	9.22103491	0.1824501818	-0.6434791183	-0.2129211518	-0.6665713908
Cost is :4921.60694314
1	0.3770908042	10.17701081	0.01742525472	0.4741579895	-0.211318625
2	7.168201551	-0.9879935176	0.4012644831	1.874922512	-1.126416209
3	-0.2855362094	-0.1918714164	0.423957739	1.450750871	9.47079141
4	0.05613336132	-0.1974222365	10.62588277	0.4938042239	0.0275396858
Cost is :5046.30310673
1	0.3770908042	10.17701081	0.01742525472	0.4741579895	-0.211318625
2	0.05613336132	-0.1974222365	10.62588277	0.4938042239	0.0275396858
3	9.22103491	0.1824501818	-0.6434791183	-0.2129211518	-0.6665713908
4	-1.290935158	-0.1298672371	1.723940072	1.86339532	6.526446545
Cost is :5096.32780183
1	0.6643317548	2.685350086	0.4612265794	6.000952462	-0.1516293415
2	9.22103491	0.1824501818	-0.6434791183	-0.2129211518	-0.6665713908
3	0.08501570631	-0.1444334263	0.001343366922	-0.03196316278	10.19040183
4	0.05613336132	-0.1974222365	10.62588277	0.4938042239	0.0275396858
Cost is :4915.96503995
1	0.05613336132	-0.1974222365	10.62588277	0.4938042239	0.0275396858
2	-1.290935158	-0.1298672371	1.723940072	1.86339532	6.526446545
3	8.807097952	0.4541185097	-0.6253234171	2.15412884	0.8217403294
4	0.3770908042	10.17701081	0.01742525472	0.4741579895	-0.211318625
Cost is :5216.04317033
1	0.05613336132	-0.1974222365	10.62588277	0.4938042239	0.0275396858
2	0.08501570631	-0.1444334263	0.001343366922	-0.03196316278	10.19040183
3	0.6643317548	2.685350086	0.4612265794	6.000952462	-0.1516293415
4	9.22103491	0.1824501818	-0.6434791183	-0.2129211518	-0.6665713908
Cost is :4915.96503995
1	0.08501570631	-0.1444334263	0.001343366922	-0.03196316278	10.19040183
2	0.05432942351	-0.04263874231	6.96608933	2.579023865	0.378692106
3	0.3770908042	10.17701081	0.01742525472	0.4741579895	-0.211318625
4	9.22103491	0.1824501818	-0.6434791183	-0.2129211518	-0.6665713908
Cost is :4916.45120263
1	0.3770908042	10.17701081	0.01742525472	0.4741579895	-0.211318625
2	9.22103491	0.1824501818	-0.6434791183	-0.2129211518	-0.6665713908
3	0.152006275	-1.15991031	2.952447139	6.103853508	-1.542541677
4	0.08501570631	-0.1444334263	0.001343366922	-0.03196316278	10.19040183
Cost is :5004.8326456
1	7.890242536	0.157704287	1.789336964	0.03139001133	0.04147149681
2	-0.05751837697	-0.801690236	1.517218141	8.843707503	-0.6777132987
3	0.4412251439	8.880964085	2.164213113	-0.9218518884	-0.1149154437
4	0.08501570631	-0.1444334263	0.001343366922	-0.03196316278	10.19040183
Cost is :5141.44881906
1	0.05613336132	-0.1974222365	10.62588277	0.4938042239	0.0275396858
2	6.908512228	0.4360771282	0.7733787378	-0.2786786095	2.371570239
3	0.3770908042	10.17701081	0.01742525472	0.4741579895	-0.211318625
4	0.2192894743	0.5102981586	0.3356793955	10.1052917	0.007539507597
Cost is :4911.99569782
1	6.908512228	0.4360771282	0.7733787378	-0.2786786095	2.371570239
2	0.2192894743	0.5102981586	0.3356793955	10.1052917	0.007539507597
3	0.05613336132	-0.1974222365	10.62588277	0.4938042239	0.0275396858
4	0.3770908042	10.17701081	0.01742525472	0.4741579895	-0.211318625
Cost is :4911.99569782
1	0.3770908042	10.17701081	0.01742525472	0.4741579895	-0.211318625
2	3.859664006	1.534482854	8.64846793	0.450042714	0.1142613947
3	1.246478485	0.210938899	-0.6743788272	-0.7771091953	7.987325843
4	0.2192894743	0.5102981586	0.3356793955	10.1052917	0.007539507597
Cost is :5182.2462572
1	-0.06860649616	2.575479932	0.5085207828	6.502841777	0.5468051993
2	0.08501570631	-0.1444334263	0.001343366922	-0.03196316278	10.19040183
3	7.304007052	2.715665123	0.272342366	-0.8475510012	-0.7436087533
4	0.05613336132	-0.1974222365	10.62588277	0.4938042239	0.0275396858
Cost is :5179.17752751
1	0.2192894743	0.5102981586	0.3356793955	10.1052917	0.007539507597
2	0.3770908042	10.17701081	0.01742525472	0.4741579895	-0.211318625
3	0.05613336132	-0.1974222365	10.62588277	0.4938042239	0.0275396858
4	6.908512228	0.4360771282	0.7733787378	-0.2786786095	2.371570239
Cost is :4911.99569782
1	7.890242536	0.157704287	1.789336964	0.03139001133	0.04147149681
2	0.2192894743	0.5102981586	0.3356793955	10.1052917	0.007539507597
3	0.3770908042	10.17701081	0.01742525472	0.4741579895	-0.211318625
4	0.4109280983	0.3649965591	4.155583331	-0.1854488074	8.648581211
Cost is :5166.30246712
1	0.05613336132	-0.1974222365	10.62588277	0.4938042239	0.0275396858
2	0.3770908042	10.17701081	0.01742525472	0.4741579895	-0.211318625
3	0.2192894743	0.5102981586	0.3356793955	10.1052917	0.007539507597
4	6.908512228	0.4360771282	0.7733787378	-0.2786786095	2.371570239
Cost is :4911.99569782
1	0.08501570631	-0.1444334263	0.001343366922	-0.03196316278	10.19040183
2	0.5996139554	7.506211123	0.4454717116	2.108505922	-0.2638915448
3	0.05613336132	-0.1974222365	10.62588277	0.4938042239	0.0275396858
4	8.807097952	0.4541185097	-0.6253234171	2.15412884	0.8217403294
Cost is :5052.44197884
1	8.994436833	0.8774967856	-0.3848950993	-0.2253521527	0.1386733938
2	1.600702514	2.763028961	7.741973891	-1.443111867	-0.03881260138
3	0.2192894743	0.5102981586	0.3356793955	10.1052917	0.007539507597
4	0.08501570631	-0.1444334263	0.001343366922	-0.03196316278	10.19040183
Cost is :5049.44997655
1	-0.7299886021	8.360623543	0.6946125338	0.7748542304	-0.1091403373
2	0.2192894743	0.5102981586	0.3356793955	10.1052917	0.007539507597
3	0.1867222871	-0.00523786007	0.9715413694	0.07239076838	9.491159899
4	7.890242536	0.157704287	1.789336964	0.03139001133	0.04147149681
Cost is :5021.55453522
1	9.22103491	0.1824501818	-0.6434791183	-0.2129211518	-0.6665713908
2	0.6643317548	2.685350086	0.4612265794	6.000952462	-0.1516293415
3	0.05613336132	-0.1974222365	10.62588277	0.4938042239	0.0275396858
4	0.08501570631	-0.1444334263	0.001343366922	-0.03196316278	10.19040183
Cost is :4915.96503995
1	1.246478485	0.210938899	-0.6743788272	-0.7771091953	7.987325843
2	0.3770908042	10.17701081	0.01742525472	0.4741579895	-0.211318625
3	3.859664006	1.534482854	8.64846793	0.450042714	0.1142613947
4	0.2192894743	0.5102981586	0.3356793955	10.1052917	0.007539507597
Cost is :5182.2462572
1	0.2192894743	0.5102981586	0.3356793955	10.1052917	0.007539507597
2	-0.4409582269	-0.3631271058	6.782225019	0.005243272474	2.765827378
3	0.3770908042	10.17701081	0.01742525472	0.4741579895	-0.211318625
4	6.908512228	0.4360771282	0.7733787378	-0.2786786095	2.371570239
Cost is :5188.03113959
1	9.22103491	0.1824501818	-0.6434791183	-0.2129211518	-0.6665713908
2	0.08501570631	-0.1444334263	0.001343366922	-0.03196316278	10.19040183
3	0.05613336132	-0.1974222365	10.62588277	0.4938042239	0.0275396858
4	0.6643317548	2.685350086	0.4612265794	6.000952462	-0.1516293415
Cost is :4915.96503995
1	0.3770908042	10.17701081	0.01742525472	0.4741579895	-0.211318625
2	0.2192894743	0.5102981586	0.3356793955	10.1052917	0.007539507597
3	0.05613336132	-0.1974222365	10.62588277	0.4938042239	0.0275396858
4	6.908512228	0.4360771282	0.7733787378	-0.2786786095	2.371570239
Cost is :4911.99569782
1	0.08501570631	-0.1444334263	0.001343366922	-0.03196316278	10.19040183
2	0.3770908042	10.17701081	0.01742525472	0.4741579895	-0.211318625
3	9.22103491	0.1824501818	-0.6434791183	-0.2129211518	-0.6665713908
4	0.05432942351	-0.04263874231	6.96608933	2.579023865	0.378692106
Cost is :4916.45120263
1	9.22103491	0.1824501818	-0.6434791183	-0.2129211518	-0.6665713908
2	0.08501570631	-0.1444334263	0.001343366922	-0.03196316278	10.19040183
3	0.2192894743	0.5102981586	0.3356793955	10.1052917	0.007539507597
4	-0.1645113335	8.209167135	4.594657839	0.3362323379	2.009516461
Cost is :5101.15736636
1	2.221907481	-0.8890194526	0.698974164	8.237867445	-0.6145457878
2	0.9344754411	8.627314572	-0.1952946667	0.2994024564	-0.2392641402
3	1.246478485	0.210938899	-0.6743788272	-0.7771091953	7.987325843
4	0.05613336132	-0.1974222365	10.62588277	0.4938042239	0.0275396858
Cost is :5119.02939601
1	1.108091419	1.731489927	-2.229825555	7.260795831	3.887004935
2	0.2359027041	0.205481628	9.830274998	-0.5875372513	0.6229663554
3	9.22103491	0.1824501818	-0.6434791183	-0.2129211518	-0.6665713908
4	0.3770908042	10.17701081	0.01742525472	0.4741579895	-0.211318625
Cost is :5171.64723265
1	6.908512228	0.4360771282	0.7733787378	-0.2786786095	2.371570239
2	0.3770908042	10.17701081	0.01742525472	0.4741579895	-0.211318625
3	0.05613336132	-0.1974222365	10.62588277	0.4938042239	0.0275396858
4	0.2192894743	0.5102981586	0.3356793955	10.1052917	0.007539507597
Cost is :4911.99569782
1	7.304007052	2.715665123	0.272342366	-0.8475510012	-0.7436087533
2	0.05613336132	-0.1974222365	10.62588277	0.4938042239	0.0275396858
3	0.2192894743	0.5102981586	0.3356793955	10.1052917	0.007539507597
4	0.08501570631	-0.1444334263	0.001343366922	-0.03196316278	10.19040183
Cost is :4889.54714005
1	0.05613336132	-0.1974222365	10.62588277	0.4938042239	0.0275396858
2	9.22103491	0.1824501818	-0.6434791183	-0.2129211518	-0.6665713908
3	0.6643317548	2.685350086	0.4612265794	6.000952462	-0.1516293415
4	0.08501570631	-0.1444334263	0.001343366922	-0.03196316278	10.19040183
Cost is :4915.96503995
1	2.296479136	0.5780808725	-2.838564251	6.034330069	0.7937508751
2	-0.7313212221	-0.1537295685	10.86336804	0.6705322552	-0.5014729483
3	-0.7857384089	8.562711841	-0.6404212715	-0.164489418	2.687271624
4	1.741700284	-0.0962117229	9.156931136	-0.4997915666	0.1690058382
Cost is :6988.21406617
1	1.246478485	0.210938899	-0.6743788272	-0.7771091953	7.987325843
2	0.2359027041	0.205481628	9.830274998	-0.5875372513	0.6229663554
3	0.3770908042	10.17701081	0.01742525472	0.4741579895	-0.211318625
4	2.221907481	-0.8890194526	0.698974164	8.237867445	-0.6145457878
Cost is :5077.06023384
1	0.3770908042	10.17701081	0.01742525472	0.4741579895	-0.211318625
2	0.2192894743	0.5102981586	0.3356793955	10.1052917	0.007539507597
3	0.1867222871	-0.00523786007	0.9715413694	0.07239076838	9.491159899
4	7.890242536	0.157704287	1.789336964	0.03139001133	0.04147149681
Cost is :4949.69832887
1	9.22103491	0.1824501818	-0.6434791183	-0.2129211518	-0.6665713908
2	0.08501570631	-0.1444334263	0.001343366922	-0.03196316278	10.19040183
3	0.6643317548	2.685350086	0.4612265794	6.000952462	-0.1516293415
4	0.05613336132	-0.1974222365	10.62588277	0.4938042239	0.0275396858
Cost is :4915.96503995
1	0.2192894743	0.5102981586	0.3356793955	10.1052917	0.007539507597
2	0.05613336132	-0.1974222365	10.62588277	0.4938042239	0.0275396858
3	0.3770908042	10.17701081	0.01742525472	0.4741579895	-0.211318625
4	6.908512228	0.4360771282	0.7733787378	-0.2786786095	2.371570239
Cost is :4911.99569782
1	0.2359027041	0.205481628	9.830274998	-0.5875372513	0.6229663554
2	0.08501570631	-0.1444334263	0.001343366922	-0.03196316278	10.19040183
3	0.3770908042	10.17701081	0.01742525472	0.4741579895	-0.211318625
4	2.296479136	0.5780808725	-2.838564251	6.034330069	0.7937508751
Cost is :5125.42980235
1	0.2192894743	0.5102981586	0.3356793955	10.1052917	0.007539507597
2	0.4412251439	8.880964085	2.164213113	-0.9218518884	-0.1149154437
3	7.890242536	0.157704287	1.789336964	0.03139001133	0.04147149681
4	0.08501570631	-0.1444334263	0.001343366922	-0.03196316278	10.19040183
Cost is :5034.90470019
1	9.22103491	0.1824501818	-0.6434791183	-0.2129211518	-0.6665713908
2	0.3770908042	10.17701081	0.01742525472	0.4741579895	-0.211318625
3	0.08501570631	-0.1444334263	0.001343366922	-0.03196316278	10.19040183
4	0.05432942351	-0.04263874231	6.96608933	2.579023865	0.378692106
Cost is :4916.45120263
1	0.05432942351	-0.04263874231	6.96608933	2.579023865	0.378692106
2	0.08501570631	-0.1444334263	0.001343366922	-0.03196316278	10.19040183
3	0.3770908042	10.17701081	0.01742525472	0.4741579895	-0.211318625
4	9.22103491	0.1824501818	-0.6434791183	-0.2129211518	-0.6665713908
Cost is :4916.45120263
1	0.2192894743	0.5102981586	0.3356793955	10.1052917	0.007539507597
2	0.05613336132	-0.1974222365	10.62588277	0.4938042239	0.0275396858
3	0.08501570631	-0.1444334263	0.001343366922	-0.03196316278	10.19040183
4	7.304007052	2.715665123	0.272342366	-0.8475510012	-0.7436087533
Cost is :4889.54714005
1	0.3770908042	10.17701081	0.01742525472	0.4741579895	-0.211318625
2	0.2192894743	0.5102981586	0.3356793955	10.1052917	0.007539507597
3	6.908512228	0.4360771282	0.7733787378	-0.2786786095	2.371570239
4	0.05613336132	-0.1974222365	10.62588277	0.4938042239	0.0275396858
Cost is :4911.99569782
1	0.2192894743	0.5102981586	0.3356793955	10.1052917	0.007539507597
2	1.246478485	0.210938899	-0.6743788272	-0.7771091953	7.987325843
3	0.9344754411	8.627314572	-0.1952946667	0.2994024564	-0.2392641402
4	1.741700284	-0.0962117229	9.156931136	-0.4997915666	0.1690058382
Cost is :5048.77763777
1	0.3770908042	10.17701081	0.01742525472	0.4741579895	-0.211318625
2	7.168201551	-0.9879935176	0.4012644831	1.874922512	-1.126416209
3	0.05613336132	-0.1974222365	10.62588277	0.4938042239	0.0275396858
4	0.08501570631	-0.1444334263	0.001343366922	-0.03196316278	10.19040183
Cost is :4976.45528591
1	1.561814521	1.724348519	0.5692792716	6.574023628	-0.00256820654
2	1.741700284	-0.0962117229	9.156931136	-0.4997915666	0.1690058382
3	0.3770908042	10.17701081	0.01742525472	0.4741579895	-0.211318625
4	0.08501570631	-0.1444334263	0.001343366922	-0.03196316278	10.19040183
Cost is :5108.52237727
1	6.908512228	0.4360771282	0.7733787378	-0.2786786095	2.371570239
2	0.05613336132	-0.1974222365	10.62588277	0.4938042239	0.0275396858
3	0.2192894743	0.5102981586	0.3356793955	10.1052917	0.007539507597
4	0.3770908042	10.17701081	0.01742525472	0.4741579895	-0.211318625
Cost is :4911.99569782
1	0.2192894743	0.5102981586	0.3356793955	10.1052917	0.007539507597
2	9.22103491	0.1824501818	-0.6434791183	-0.2129211518	-0.6665713908
3	-0.4409582269	-0.3631271058	6.782225019	0.005243272474	2.765827378
4	0.3770908042	10.17701081	0.01742525472	0.4741579895	-0.211318625
Cost is :4921.60694314
1	-1.032197816	2.526791762	-0.1624308047	8.58404398	-0.8283730168
2	0.08501570631	-0.1444334263	0.001343366922	-0.03196316278	10.19040183
3	7.304007052	2.715665123	0.272342366	-0.8475510012	-0.7436087533
4	0.05613336132	-0.1974222365	10.62588277	0.4938042239	0.0275396858
Cost is :5105.67839453
1	0.3770908042	10.17701081	0.01742525472	0.4741579895	-0.211318625
2	-0.4409582269	-0.3631271058	6.782225019	0.005243272474	2.765827378
3	9.22103491	0.1824501818	-0.6434791183	-0.2129211518	-0.6665713908
4	0.2192894743	0.5102981586	0.3356793955	10.1052917	0.007539507597
Cost is :4921.60694314
1	2.221907481	-0.8890194526	0.698974164	8.237867445	-0.6145457878
2	0.9344754411	8.627314572	-0.1952946667	0.2994024564	-0.2392641402
3	1.519765142	-0.5328175184	-0.08022983437	0.3143447631	9.298916029
4	1.741700284	-0.0962117229	9.156931136	-0.4997915666	0.1690058382
Cost is :5139.9426621
1	0.01130953839	2.711383146	0.223509706	0.4070863428	8.837788278
2	9.22103491	0.1824501818	-0.6434791183	-0.2129211518	-0.6665713908
3	-0.5710129081	2.331199613	7.89133304	0.008491748886	1.51729034
4	0.2192894743	0.5102981586	0.3356793955	10.1052917	0.007539507597
Cost is :5170.66325479
1	7.890242536	0.157704287	1.789336964	0.03139001133	0.04147149681
2	0.3770908042	10.17701081	0.01742525472	0.4741579895	-0.211318625
3	0.1867222871	-0.00523786007	0.9715413694	0.07239076838	9.491159899
4	-0.905112672	0.1580840996	2.242729119	9.149036133	0.4044984629
Cost is :5076.88696848
1	0.3770908042	10.17701081	0.01742525472	0.4741579895	-0.211318625
2	9.22103491	0.1824501818	-0.6434791183	-0.2129211518	-0.6665713908
3	0.08501570631	-0.1444334263	0.001343366922	-0.03196316278	10.19040183
4	0.152006275	-1.15991031	2.952447139	6.103853508	-1.542541677
Cost is :5004.8326456
1	0.9344754411	8.627314572	-0.1952946667	0.2994024564	-0.2392641402
2	0.05613336132	-0.1974222365	10.62588277	0.4938042239	0.0275396858
3	2.221907481	-0.8890194526	0.698974164	8.237867445	-0.6145457878
4	1.519765142	-0.5328175184	-0.08022983437	0.3143447631	9.298916029
Cost is :5055.58981714
1	0.08501570631	-0.1444334263	0.001343366922	-0.03196316278	10.19040183
2	9.22103491	0.1824501818	-0.6434791183	-0.2129211518	-0.6665713908
3	0.05613336132	-0.1974222365	10.62588277	0.4938042239	0.0275396858
4	0.6643317548	2.685350086	0.4612265794	6.000952462	-0.1516293415
Cost is :4915.96503995
1	0.2192894743	0.5102981586	0.3356793955	10.1052917	0.007539507597
2	6.908512228	0.4360771282	0.7733787378	-0.2786786095	2.371570239
3	0.05613336132	-0.1974222365	10.62588277	0.4938042239	0.0275396858
4	0.3770908042	10.17701081	0.01742525472	0.4741579895	-0.211318625
Cost is :4911.99569782
1	0.2192894743	0.5102981586	0.3356793955	10.1052917	0.007539507597
2	0.08501570631	-0.1444334263	0.001343366922	-0.03196316278	10.19040183
3	0.4412251439	8.880964085	2.164213113	-0.9218518884	-0.1149154437
4	7.890242536	0.157704287	1.789336964	0.03139001133	0.04147149681
Cost is :5034.90470019
1	0.08501570631	-0.1444334263	0.001343366922	-0.03196316278	10.19040183
2	7.304007052	2.715665123	0.272342366	-0.8475510012	-0.7436087533
3	-0.06860649616	2.575479932	0.5085207828	6.502841777	0.5468051993
4	0.05613336132	-0.1974222365	10.62588277	0.4938042239	0.0275396858
Cost is :5179.17752751
1	0.3770908042	10.17701081	0.01742525472	0.4741579895	-0.211318625
2	0.152006275	-1.15991031	2.952447139	6.103853508	-1.542541677
3	9.22103491	0.1824501818	-0.6434791183	-0.2129211518	-0.6665713908
4	0.08501570631	-0.1444334263	0.001343366922	-0.03196316278	10.19040183
Cost is :5004.8326456
1	0.2192894743	0.5102981586	0.3356793955	10.1052917	0.007539507597
2	0.05613336132	-0.1974222365	10.62588277	0.4938042239	0.0275396858
3	6.908512228	0.4360771282	0.7733787378	-0.2786786095	2.371570239
4	0.3770908042	10.17701081	0.01742525472	0.4741579895	-0.211318625
Cost is :4911.99569782
1	0.6643317548	2.685350086	0.4612265794	6.000952462	-0.1516293415
2	0.2425135136	-0.5232301513	-0.2473397081	0.5609867557	10.69139583
3	-0.6891478825	0.6405302371	0.9651549066	-0.8682549276	9.87556647
4	3.859664006	1.534482854	8.64846793	0.450042714	0.1142613947
Cost is :6849.14470581
1	0.08501570631	-0.1444334263	0.001343366922	-0.03196316278	10.19040183
2	0.05613336132	-0.1974222365	10.62588277	0.4938042239	0.0275396858
3	0.6643317548	2.685350086	0.4612265794	6.000952462	-0.1516293415
4	9.22103491	0.1824501818	-0.6434791183	-0.2129211518	-0.6665713908
Cost is :4915.96503995
1	9.22103491	0.1824501818	-0.6434791183	-0.2129211518	-0.6665713908
2	-0.4409582269	-0.3631271058	6.782225019	0.005243272474	2.765827378
3	0.2192894743	0.5102981586	0.3356793955	10.1052917	0.007539507597
4	0.3770908042	10.17701081	0.01742525472	0.4741579895	-0.211318625
Cost is :4921.60694314
1	0.2192894743	0.5102981586	0.3356793955	10.1052917	0.007539507597
2	7.890242536	0.157704287	1.789336964	0.03139001133	0.04147149681
3	0.3770908042	10.17701081	0.01742525472	0.4741579895	-0.211318625
4	1.026607308	0.5062716523	1.567211476	-0.5840968599	8.359019808
Cost is :5062.73274041
1	0.2359027041	0.205481628	9.830274998	-0.5875372513	0.6229663554
2	2.296479136	0.5780808725	-2.838564251	6.034330069	0.7937508751
3	0.3770908042	10.17701081	0.01742525472	0.4741579895	-0.211318625
4	0.08501570631	-0.1444334263	0.001343366922	-0.03196316278	10.19040183
Cost is :5125.42980235
1	6.908512228	0.4360771282	0.7733787378	-0.2786786095	2.371570239
2	0.2192894743	0.5102981586	0.3356793955	10.1052917	0.007539507597
3	0.3770908042	10.17701081	0.01742525472	0.4741579895	-0.211318625
4	0.05613336132	-0.1974222365	10.62588277	0.4938042239	0.0275396858
Cost is :4911.99569782
1	0.3770908042	10.17701081	0.01742525472	0.4741579895	-0.211318625
2	0.05613336132	-0.1974222365	10.62588277	0.4938042239	0.0275396858
3	2.296479136	0.5780808725	-2.838564251	6.034330069	0.7937508751
4	0.08501570631	-0.1444334263	0.001343366922	-0.03196316278	10.19040183
Cost is :5117.04131926
1	0.2192894743	0.5102981586	0.3356793955	10.1052917	0.007539507597
2	1.600702514	2.763028961	7.741973891	-1.443111867	-0.03881260138
3	8.994436833	0.8774967856	-0.3848950993	-0.2253521527	0.1386733938
4	0.08501570631	-0.1444334263	0.001343366922	-0.03196316278	10.19040183
Cost is :5049.44997655
1	8.807097952	0.4541185097	-0.6253234171	2.15412884	0.8217403294
2	0.3770908042	10.17701081	0.01742525472	0.4741579895	-0.211318625
3	0.05613336132	-0.1974222365	10.62588277	0.4938042239	0.0275396858
4	-1.290935158	-0.1298672371	1.723940072	1.86339532	6.526446545
Cost is :5216.04317033
1	0.2192894743	0.5102981586	0.3356793955	10.1052917	0.007539507597
2	9.22103491	0.1824501818	-0.6434791183	-0.2129211518	-0.6665713908
3	-0.4409582269	-0.3631271058	6.782225019	0.005243272474	2.765827378
4	0.3770908042	10.17701081	0.01742525472	0.4741579895	-0.211318625
Cost is :4921.60694314
1	0.2192894743	0.5102981586	0.3356793955	10.1052917	0.007539507597
2	0.05613336132	-0.1974222365	10.62588277	0.4938042239	0.0275396858
3	0.3770908042	10.17701081	0.01742525472	0.4741579895	-0.211318625
4	6.908512228	0.4360771282	0.7733787378	-0.2786786095	2.371570239
Cost is :4911.99569782
1	7.304007052	2.715665123	0.272342366	-0.8475510012	-0.7436087533
2	0.2192894743	0.5102981586	0.3356793955	10.1052917	0.007539507597
3	0.05613336132	-0.1974222365	10.62588277	0.4938042239	0.0275396858
4	0.08501570631	-0.1444334263	0.001343366922	-0.03196316278	10.19040183
Cost is :4889.54714005
1	2.296479136	0.5780808725	-2.838564251	6.034330069	0.7937508751
2	0.08501570631	-0.1444334263	0.001343366922	-0.03196316278	10.19040183
3	0.2359027041	0.205481628	9.830274998	-0.5875372513	0.6229663554
4	0.3770908042	10.17701081	0.01742525472	0.4741579895	-0.211318625
Cost is :5125.42980235

